5.639999999999999680e+00
6.849999999999999645e+00
7.040000000000000036e+00
6.820000000000000284e+00
7.690000000000000391e+00
6.980000000000000426e+00
7.349999999999999645e+00
7.009999999999999787e+00
7.690000000000000391e+00
6.450000000000000178e+00
6.660000000000000142e+00
6.660000000000000142e+00
6.660000000000000142e+00
6.660000000000000142e+00
6.660000000000000142e+00
6.660000000000000142e+00
6.940000000000000391e+00
6.759999999999999787e+00
6.910000000000000142e+00
6.910000000000000142e+00
6.910000000000000142e+00
6.910000000000000142e+00
6.910000000000000142e+00
6.910000000000000142e+00
6.910000000000000142e+00
7.410000000000000142e+00
7.410000000000000142e+00
7.410000000000000142e+00
7.379999999999999893e+00
7.160000000000000142e+00
1.014000000000000057e+01
7.099999999999999645e+00
7.379999999999999893e+00
7.349999999999999645e+00
7.290000000000000036e+00
7.290000000000000036e+00
8.029999999999999361e+00
8.279999999999999361e+00
8.279999999999999361e+00
8.000000000000000000e+00
8.000000000000000000e+00
8.000000000000000000e+00
8.000000000000000000e+00
8.000000000000000000e+00
8.000000000000000000e+00
8.000000000000000000e+00
8.000000000000000000e+00
8.369999999999999218e+00
8.000000000000000000e+00
8.650000000000000355e+00
8.279999999999999361e+00
8.400000000000000355e+00
8.500000000000000000e+00
8.500000000000000000e+00
8.810000000000000497e+00
8.699999999999999289e+00
8.250000000000000000e+00
8.589999999999999858e+00
8.750000000000000000e+00
8.650000000000000355e+00
8.470000000000000639e+00
8.529999999999999361e+00
8.529999999999999361e+00
8.560000000000000497e+00
8.929999999999999716e+00
8.960000000000000853e+00
8.960000000000000853e+00
9.060000000000000497e+00
9.060000000000000497e+00
9.060000000000000497e+00
8.779999999999999361e+00
8.839999999999999858e+00
8.869999999999999218e+00
8.869999999999999218e+00
8.810000000000000497e+00
9.089999999999999858e+00
8.560000000000000497e+00
8.839999999999999858e+00
8.779999999999999361e+00
8.750000000000000000e+00
8.619999999999999218e+00
9.019999999999999574e+00
9.179999999999999716e+00
9.519999999999999574e+00
9.119999999999999218e+00
9.119999999999999218e+00
9.119999999999999218e+00
9.000000000000000000e+00
9.000000000000000000e+00
9.000000000000000000e+00
9.000000000000000000e+00
8.199999999999999289e+00
8.500000000000000000e+00
8.400000000000000355e+00
8.599999999999999645e+00
9.199999999999999289e+00
9.150000000000000355e+00
9.060000000000000497e+00
8.960000000000000853e+00
9.019999999999999574e+00
9.460000000000000853e+00
9.519999999999999574e+00
9.550000000000000711e+00
9.550000000000000711e+00
9.550000000000000711e+00
9.550000000000000711e+00
9.550000000000000711e+00
9.550000000000000711e+00
6.419999999999999929e+00
9.710000000000000853e+00
6.070000000000000284e+00
9.710000000000000853e+00
6.259999999999999787e+00
1.000000000000000000e+01
1.000000000000000000e+01
1.000000000000000000e+01
1.000000000000000000e+01
1.000000000000000000e+01
1.000000000000000000e+01
1.000000000000000000e+01
1.000000000000000000e+01
9.400000000000000355e+00
9.400000000000000355e+00
9.400000000000000355e+00
9.400000000000000355e+00
9.400000000000000355e+00
9.400000000000000355e+00
9.400000000000000355e+00
9.400000000000000355e+00
9.400000000000000355e+00
9.400000000000000355e+00
9.400000000000000355e+00
9.400000000000000355e+00
9.400000000000000355e+00
9.400000000000000355e+00
9.400000000000000355e+00
9.400000000000000355e+00
9.400000000000000355e+00
9.400000000000000355e+00
9.400000000000000355e+00
9.400000000000000355e+00
9.400000000000000355e+00
9.400000000000000355e+00
9.400000000000000355e+00
